N Particles: 256.000000
Ratio: 0.691233
CELL: 5.975206
----------
Density: 1.200000
Temperature: 1.100000 +- 0.000000
Pressure: 18.275241 +- 0.399978
Compressibility: 16.413856 +- 0.363617
Energy: -1522.761170 +- 21.131132
Ratio: 0.712633
CELL: 6.839904
----------
Density: 0.010000
Temperature: 1.100000 +- 0.000000
Pressure: -0.036065 +- 0.043222
Compressibility: 0.957213 +- 0.039292
Energy: -21.269112 +- 3.450971
----------
Density: 0.800000
Temperature: 1.100000 +- 0.000000
Pressure: 1.962471 +- 0.384368
Compressibility: 1.984064 +- 0.349425
Energy: -1311.616784 +- 16.424140
Ratio: 0.715394
CELL: 29.472252
